2.8333333333333335
3.25
2.8333333333333335
2.9166666666666665
3.3333333333333335
2.8333333333333335
2.6666666666666665
3.0
2.5454545454545454
2.090909090909091
3.9
4.0
2.1
2.7
2.7
2.6666666666666665
3.25
3.0
3.1818181818181817
2.8181818181818183
2.909090909090909
2.2
3.0
2.3636363636363638
2.8181818181818183
2.5833333333333335
3.5
3.5833333333333335
3.090909090909091
3.5833333333333335
3.6
3.2
3.3
3.1
2.909090909090909
2.5454545454545454
3.3636363636363638
2.7
3.1
3.4
