20.0
16.166666666666668
10.727272727272727
13.636363636363637
19.916666666666668
15.333333333333334
17.818181818181817
10.454545454545455
19.818181818181817
9.0
15.0
11.636363636363637
12.25
12.0
12.0
11.666666666666666
16.727272727272727
14.181818181818182
19.0
14.083333333333334
16.833333333333332
19.666666666666668
14.4
16.6
20.666666666666668
10.7
17.181818181818183
16.636363636363637
8.636363636363637
17.8
16.09090909090909
16.833333333333332
12.818181818181818
14.7
12.25
18.25
15.818181818181818
16.7
12.272727272727273
14.7
