2.5555555555555554
3.3333333333333335
1.5
2.4444444444444446
2.7
6.6
2.8181818181818183
2.6363636363636362
6.555555555555555
1.0
3.5
5.0
2.2
6.444444444444445
6.363636363636363
0.09090909090909091
2.5
7.111111111111111
1.0909090909090908
2.7777777777777777
4.777777777777778
1.9
4.444444444444445
3.909090909090909
3.5454545454545454
1.7
1.5
1.2222222222222223
5.222222222222222
1.9090909090909092
3.7
5.666666666666667
2.1
4.636363636363637
5.111111111111111
0.6363636363636364
0.18181818181818182
6.0
1.2727272727272727
0.9090909090909091
