214.54545454545453
205.9090909090909
224.6
228.55555555555554
227.22222222222223
222.55555555555554
180.9090909090909
194.4
189.66666666666666
183.44444444444446
171.77777777777777
127.5
167.77777777777777
137.27272727272728
135.54545454545453
131.1818181818182
129.8181818181818
114.9090909090909
139.77777777777777
111.27272727272727
119.8
117.6
95.5
82.9090909090909
99.0
97.11111111111111
80.8
80.7
74.0
61.0
58.09090909090909
43.81818181818182
47.5
41.09090909090909
38.18181818181818
31.9
22.636363636363637
8.222222222222221
2.5
0.0
